#Heap Sort
#N, Recursive, Iterative
#N, R. Time, R. Swap_Comparsion, I. Time, I. Swap_Comparsion
10, 0.000000, 155, 0.000000, 85
15, 0.000000, 410, 0.000000, 235
22, 0.000000, 820, 0.000000, 495
33, 0.000000, 1570, 0.000000, 970
49, 0.000000, 2845, 0.000000, 1805
73, 0.000000, 4940, 0.000000, 3190
109, 0.000000, 8470, 0.000000, 5540
163, 0.000000, 14210, 0.000000, 9400
244, 0.000000, 23515, 0.000000, 15695
366, 0.000000, 38825, 800.000000, 26110
549, 0.000000, 63430, 800.000000, 42895
823, 0.000000, 103055, 1600.000000, 70090
1234, 0.000000, 166175, 2400.000000, 113620
1851, 0.000000, 267055, 3200.000000, 183370
2776, 800.000000, 427600, 4800.000000, 294610
4164, 2400.000000, 681180, 6400.000000, 470690
6246, 4800.000000, 1082075, 8800.000000, 749975
9369, 8800.000000, 1712455, 12000.000000, 1190225
14053, 15200.000000, 2704890, 17600.000000, 1884260
21079, 25600.000000, 4259320, 25600.000000, 2973995
31618, 41600.000000, 6690775, 39200.000000, 4679865
47427, 67200.000000, 10494435, 60800.000000, 7354255
71140, 107200.000000, 16422120, 94400.000000, 11525900
106710, 172000.000000, 25666610, 148800.000000, 18041845
160065, 272800.000000, 40042855, 235200.000000, 28186345
240097, 432800.000000, 62374620, 372000.000000, 43956360
360145, 687200.000000, 97046800, 588800.000000, 68475845
540217, 1083200.000000, 150746870, 929600.000000, 106460980
810325, 1712800.000000, 233993885, 1308000.000000, 165427860
1215487, 2756800.000000, 362695190, 2072000.000000, 256658575
1823230, 4190400.000000, 561642610, 3278400.000000, 397792445
2734845, 6113600.000000, 868920355, 5492800.000000, 615969255
4102267, 10160800.000000, 1342746020, 9026400.000000, 952427290
